# r34_pstar E1b -- codim{p* <= p} calibration, prediction 2R-3p
# cell  R  q   p   N        hits    freq        -log_q(freq)  pred=2R-3p  |diff|
W1_round33   8 13   5     60000   4956  8.260e-02      0.972        1      0.028
W1_round33   8 13   4    300000     12  4.000e-05      3.948        4      0.052
W2_round33   8 11   5     60000   5982  9.970e-02      0.962        1      0.038
W2_round33   8 11   4    300000     18  6.000e-05      4.054        4      0.054
S1_sep      10 11   6    120000   1105  9.208e-03      1.955        2      0.045
S1_sep      10 11   5    400000      2  5.000e-06      5.090        5      0.090
S2_sep      12 13   7    300000    127  4.233e-04      3.028        3      0.028
S3_sep      16 17  10    120000    450  3.750e-03      1.972        2      0.028
L1_lb1       5 11   3     60000   5969  9.948e-02      0.962        1      0.038
L1_lb1       5 11   2    300000     23  7.667e-05      3.952        4      0.048
